const dashboardData = {
  "2018": {
    "kpi_10": 3.34,
    "kpi_80": 4.85,
    "monthly_10": [
      3.35,
      3.21,
      3.23,
      3.3,
      3.29,
      3.6,
      3.3,
      3.49,
      3.48,
      3.26,
      3.27,
      3.28
    ],
    "monthly_80": [
      4.95,
      4.93,
      4.89,
      4.94,
      4.76,
      4.9,
      4.82,
      4.85,
      4.72,
      4.84,
      4.77,
      4.82
    ],
    "hist_10": [
      0,
      0,
      12,
      0,
      0
    ],
    "hist_80": [
      0,
      0,
      0,
      12,
      0
    ],
    "season_10": [
      3.28,
      3.27,
      3.46,
      3.34
    ],
    "season_80": [
      4.9,
      4.86,
      4.86,
      4.78
    ]
  },
  "2019": {
    "kpi_10": 3.41,
    "kpi_80": 4.78,
    "monthly_10": [
      3.17,
      3.59,
      3.55,
      3.38,
      3.26,
      3.54,
      3.44,
      3.3,
      3.35,
      3.36,
      3.56,
      3.39
    ],
    "monthly_80": [
      4.79,
      4.8,
      4.97,
      4.71,
      4.62,
      4.79,
      4.76,
      4.79,
      4.63,
      4.83,
      4.99,
      4.68
    ],
    "hist_10": [
      0,
      0,
      12,
      0,
      0
    ],
    "hist_80": [
      0,
      0,
      0,
      12,
      0
    ],
    "season_10": [
      3.38,
      3.4,
      3.43,
      3.42
    ],
    "season_80": [
      4.76,
      4.77,
      4.78,
      4.82
    ]
  },
  "2020": {
    "kpi_10": 3.37,
    "kpi_80": 4.81,
    "monthly_10": [
      3.43,
      3.13,
      3.26,
      3.13,
      3.19,
      3.56,
      3.57,
      3.46,
      3.47,
      3.33,
      3.57,
      3.3
    ],
    "monthly_80": [
      4.68,
      4.98,
      4.88,
      4.84,
      4.75,
      4.86,
      4.8,
      4.64,
      4.72,
      4.93,
      4.67,
      4.96
    ],
    "hist_10": [
      0,
      0,
      12,
      0,
      0
    ],
    "hist_80": [
      0,
      0,
      0,
      12,
      0
    ],
    "season_10": [
      3.29,
      3.19,
      3.53,
      3.46
    ],
    "season_80": [
      4.87,
      4.82,
      4.77,
      4.77
    ]
  },
  "2021": {
    "kpi_10": 3.41,
    "kpi_80": 4.75,
    "monthly_10": [
      3.44,
      3.42,
      3.4,
      3.21,
      3.44,
      3.54,
      3.5,
      3.32,
      3.56,
      3.49,
      3.46,
      3.16
    ],
    "monthly_80": [
      4.84,
      4.61,
      4.75,
      4.62,
      4.65,
      4.67,
      4.67,
      4.95,
      4.96,
      4.69,
      4.76,
      4.79
    ],
    "hist_10": [
      0,
      0,
      12,
      0,
      0
    ],
    "hist_80": [
      0,
      0,
      0,
      12,
      0
    ],
    "season_10": [
      3.34,
      3.35,
      3.45,
      3.5
    ],
    "season_80": [
      4.75,
      4.67,
      4.76,
      4.8
    ]
  },
  "2022": {
    "kpi_10": 3.33,
    "kpi_80": 4.79,
    "monthly_10": [
      3.56,
      3.29,
      3.25,
      3.41,
      3.33,
      3.23,
      3.52,
      3.19,
      3.21,
      3.43,
      3.34,
      3.14
    ],
    "monthly_80": [
      4.93,
      4.72,
      4.67,
      4.78,
      4.96,
      4.84,
      4.77,
      4.76,
      4.72,
      4.73,
      4.77,
      4.86
    ],
    "hist_10": [
      0,
      0,
      12,
      0,
      0
    ],
    "hist_80": [
      0,
      0,
      0,
      12,
      0
    ],
    "season_10": [
      3.33,
      3.33,
      3.31,
      3.33
    ],
    "season_80": [
      4.84,
      4.8,
      4.79,
      4.74
    ]
  },
  "2023": {
    "kpi_10": 3.39,
    "kpi_80": 4.84,
    "monthly_10": [
      3.17,
      3.16,
      3.34,
      3.37,
      3.58,
      3.39,
      3.36,
      3.56,
      3.56,
      3.23,
      3.44,
      3.58
    ],
    "monthly_80": [
      4.92,
      4.61,
      4.89,
      4.91,
      4.7,
      4.99,
      4.87,
      4.96,
      4.7,
      4.62,
      4.88,
      4.98
    ],
    "hist_10": [
      0,
      0,
      12,
      0,
      0
    ],
    "hist_80": [
      0,
      0,
      0,
      12,
      0
    ],
    "season_10": [
      3.3,
      3.43,
      3.44,
      3.41
    ],
    "season_80": [
      4.84,
      4.83,
      4.94,
      4.73
    ]
  },
  "2024": {
    "kpi_10": 3.31,
    "kpi_80": 4.77,
    "monthly_10": [
      3.21,
      3.46,
      3.5,
      3.57,
      3.53,
      3.31,
      3.1,
      3.12,
      3.11,
      3.39,
      3.29,
      3.16
    ],
    "monthly_80": [
      4.61,
      4.97,
      4.89,
      4.98,
      4.71,
      4.67,
      4.73,
      4.71,
      4.8,
      4.65,
      4.9,
      4.66
    ],
    "hist_10": [
      0,
      0,
      12,
      0,
      0
    ],
    "hist_80": [
      0,
      0,
      0,
      12,
      0
    ],
    "season_10": [
      3.28,
      3.53,
      3.18,
      3.26
    ],
    "season_80": [
      4.75,
      4.86,
      4.7,
      4.78
    ]
  },
  "months": [
    "Enero",
    "Febrero",
    "Marzo",
    "Abril",
    "Mayo",
    "Junio",
    "Julio",
    "Agosto",
    "Septiembre",
    "Octubre",
    "Noviembre",
    "Diciembre"
  ]
};

const months = ['Enero', 'Febrero', 'Marzo', 'Abril', 'Mayo', 'Junio', 'Julio', 'Agosto', 'Septiembre', 'Octubre', 'Noviembre', 'Diciembre'];